22
170
50
112
19
240
53
55
95
173
27
141
106
100
240
196
156
228
187
30
123
222
194
0
198
146
11
152
11
71
65
166
74
220
198
81
175
107
63
249
155
123
52
214
144
44
226
150
142
99
56
59
81
161
63
62
126
41
19
243
243
2
187
141
113
144
68
110
213
217
97
94
137
19
40
116
132
39
15
34
110
2
136
24
254
12
20
244
250
168
165
186
119
80
186
140
159
221
158
165
209
234
203
56
60
171
152
230
231
47
90
48
1
35
183
238
170
133
99
163
246
198
15
17
219
163
166
115
150
44
79
54
3
228
250
92
125
98
198
33
84
87
218
134
50
162
136
71
139
130
191
208
55
181
218
246
142
74
153
31
165
54
11
