154
54
191
82
127
45
71
107
46
125
157
180
18
106
241
158
8
221
123
32
208
26
169
78
153
8
174
212
183
231
159
172
127
139
57
138
245
98
143
211
252
201
201
193
76
128
77
143
35
213
186
162
83
138
249
70
71
89
214
217
123
127
233
54
101
123
231
29
69
245
70
46
38
191
135
18
120
232
244
29
190
219
249
17
36
144
215
241
39
191
145
146
193
125
18
146
21
153
58
192
143
39
108
201
147
48
90
101
34
9
119
20
125
19
59
24
94
124
50
228
90
183
60
196
126
79
192
111
223
113
98
2
5
199
124
47
57
81
137
39
178
139
147
252
28
20
29
76
23
230
169
19
176
234
127
126
168
142
44
179
234
131
35
68
238
54
155
168
212
219
107
195
146
233
93
18
248
213
111
188
99
236
34
244
58
36
208
36
49
211
108
119
164
55
75
66
124
162
190
227
103
103
116
133
108
30
114
47
9
182
11
204
178
29
196
11
18
9
208
251
249
184
41
159
21
211
215
35
245
236
188
193
20
54
11
31
243
31
230
33
150
116
254
17
187
30
212
70
114
127
132
36
77
54
13
33
21
124
86
119
253
156
75
55
133
158
44
44
230
199
176
241
102
90
255
186
86
131
10
255
249
188
223
146
38
56
234
234
66
25
82
17
36
194
209
175
48
110
150
51
62
114
167
249
93
141
190
152
139
38
141
56
193
35
146
48
217
105
114
243
233
23
217
14
131
255
234
85
24
122
103
178
146
66
37
110
67
165
173
238
159
111
174
64
91
173
81
160
22
88
45
26
149
180
17
80
88
181
187
81
31
152
58
131
31
252
162
19
182
225
164
131
112
11
237
161
145
11
135
113
