38
12
151
142
85
190
39
248
232
248
220
179
20
171
129
254
150
111
213
237
245
246
136
28
72
52
179
244
222
46
68
49
212
247
79
219
233
132
14
147
84
33
39
83
169
79
22
35
150
76
144
217
188
97
126
177
172
181
245
119
183
15
248
166
99
64
32
53
227
194
151
134
180
109
221
83
115
46
174
134
87
223
197
56
85
164
23
207
4
214
25
46
145
168
42
65
186
210
132
34
226
124
1
231
167
186
79
224
112
87
215
53
111
118
11
236
40
105
12
31
25
30
253
74
159
232
198
199
252
144
46
67
89
102
188
163
135
37
254
65
31
85
102
55
195
93
114
124
235
105
67
238
10
212
139
150
167
120
0
220
157
40
120
134
4
191
160
18
28
204
174
117
161
83
219
189
168
6
27
118
80
140
148
235
156
92
78
228
6
110
156
128
99
20
47
208
8
131
151
90
18
145
40
5
182
100
135
100
90
251
196
130
195
16
125
72
97
247
81
8
182
130
150
3
68
78
56
155
64
204
178
45
252
114
43
152
216
100
213
97
41
5
220
255
250
17
61
40
100
238
4
55
76
112
50
0
38
104
167
3
251
117
43
36
52
38
183
12
232
198
102
20
156
220
176
6
173
79
79
212
122
142
205
87
71
213
5
170
199
206
126
227
65
87
87
250
